1 2
2 1
3 0
4 -1
5 0
6 1
7 2
11 1
22 0
23 -1
33 0
44 1
55 0
66 0
64 0
77 1
14 -2
12 -2
13 -1
24 0
34 0
54 0
64 0
74 -2
31 2
32 2
35 0
36 0
37 3
333 1
51 3
52 0
53 0
56 2
57 2
13712 3
3246313 -2
573154743 2
751321 2
251 4
13234664 -3
226763 -2
54431 0
216634 0
24345155 -3
722763 3
32252276 3
2216322 2
6133112551 2
527376 0
127265363 3
535512 3
53476 2
2454 -3
331236733 3
515315 -1
64 0
27626 2
5776 2
311113447 2
6317163774 -1
66633366 -1
2145 3
177461 2
17277 2
52511551752 1
153266 0
532212 -3
44561362221 2
5233 1
76556662 -2
6444362 4
564523 -2
3232716 2
226552 -2
14316234 2
4217 3
772772 4
53271743 2
14212211 -3
227 2
577252247 2
7141 4
3623671 4
4721111 -2
22117667 3
1511617 2
2273352574 0
177352 3
5521252 -3
27276 -2
74417114 -2
66541712 0
1176467146 2
1734475752 0
22464 -4
577174 0
466 -2
3651136162 0
312 0
122511117 2
667 3
15674 2
77237552 2
4654664574 -2
7732 1
3321277 3
6347 3
2547425135 2
64625555 2
652454 3
623774 2
56642 0
353213 -2
736615 -1
3357736 2
117222115374 0
5751256 2
44627 3
151231 1
436667 3
33246522 -3
164222651 0
4237 3
525231461 0
35276 -1
5655622452 1
7125 -1
264 -2
13676 2
33324334 0
21237 0
4134176 2
176123533 3
21763366 2
261 3
73227 3
341444 -4
2351127 2
744724 0
556717 0
76461241141 -1
5517523 0
656242 4
4436515 -2
624135355 -1
32354 2
5622 2
3267 3
2361471212 0
23361434 2
652562541 -2
117232 -1
6676 -2
37226524 2
75211547437 0
534334315 2
13541724 3
21422 2
72764753175 -1
134136 2
2634357375 0
167641 0
427 2
151 5
7635457 2
16125743 2
43462 0
12174763 3
65411257332 2
244 0
34 0
36651613517 2
4672537677 0
172467 0
1764 2
3136 4
645715475 -2
16512166 2
1475 -4
76564 3
15765 0
627 3
16564 4
316 0
22652 2
1665 3
12441 5
61614 -4
46113 -2
2562427646 0
766452 4
711511113 3
36222 0
52656 -2
1553 2
354326536 2
151225 0
466442533 -2
337241 0
31665274 0
6612111 2
4324475 -1
55214523171 0
3774 -1
65312413 0
4365455 -3
6154477 0
344361 4
3752617 -2
666355521 3
6644226 4
274674515 -2
3222 0
3215666 3
757541 2
6313652 3
6622474 0
73531 4
76243 4
234545125465 1
34577737 2
17766 2
73771114 -3
76145 3
6325552 2
445712 0
14714124 0
4224 2
7263 2
327767166 -1
54213 3
14534 0
55551 3
6643 2
3435257 4
475321 3
46761264 -3
2147756677465 1
7772562272 -2
14334223 -3
13715653 2
6312416 -3
6143156275532 0
666 2
5762 2
774713232 2
5117663 0
214653217 0
532146527 0
222412 -2
6562727 4
3466653 0
313272 4
332137 4
1115734 4
7412176653 2
227166 -1
67266634 0
777 2
5711646 2
24734354 -2
2256462 2
1215463467 2
635154 3
755562 -2
5724 2
2326 2
221 3
466713 3
1615 0
213456656 2
56653 1
4661361414 2
4572 0
31657 3
76723 3
72747 5
247244 -2
55776674437 2
1466777 4
1652 -2
765635 -3
176433 -2
36521 3
37 3
36347 2
22532154113 0
4377113336 1
5357 4
6671723 1
431221156 -2
2315626 3
451316 2
577 0
614 -3
36324443 3
724125 3
67276226 3
5236371113 0
22344355267 2
175446566 0
143744 -2
3432621357 -1
1336 2
24 0
6566455116 -2
52561733 2
4677 3
4363354 -1
6172716511423 1
222532 0
3362412 -2
774116 3
364 0
76235735435 2
3456742253 2
6237323654235 0
5444 0
163 2
7433175271 -2
17662772753 0
567263722511 0
2543713 -2
4321 2
17134255 1
11715136 -2
264374 -3
13275642444 2
461 2
75431677 2
6363336 -3
43335 2
761636 -2
511456 2
653 2
15427144737 2
53741262 2
25753172 -3
5216 -2
7347 4
6754351737 -2
2715631 1
571 2
6336171451776 0
4366164 1
51217 -1
23457 0
2173315 -3
37351662 3
54753652 3
423516236317 1
7115465 0
577167255 -2
42543 3
556415 -3
7614371 3
1734322 -3
2164174 -2
5256 3
74653252243 2
5433 -3
63172336254 2
623 -2
3775 0
57466612 3
65161642 -2
54635 2
2265242 3
747521 2
3232161 1
23215 -2
2673 -2
1235 -1
366 0
526 0
6343 2
463666536 3
6217455 2
377457524 0
47774 -4
51544 2
76512 0
25221523 -2
523477 0
143737 3
232251 3
7777 1
75515 -2
67763 0
42246227 -1
646251311 0
317125147122 0
765716346 2
1273635 2
141237165 -2
71613 0
6351 2
1353 -3
3512 -1
7154 -1
56631173455 2
71551252353 2
3714431 4
334 0
4453 -2
233771 4
35766542 2
274321 4
346257117 2
711 2
76621765 3
72522516435 2
31573313762 1
62642754565 2
24271465 0
3153721 3
462 -2
7175 2
141636 -3
455363 4
6575 -3
433 0
27526 1
211451177 2
447564317136 -1
6624757 3
37765266 1
6757653427 -2
6522 -1
135123675643 -1
265117 3
1474163735 2
34341 5
537437 2
57271713 2
633672 3
6622254377 1
5132555435242 1
16556725 -1
2462522566 2
271375455 2
347216 3
377724 0
65165354 3
67755516 -3
7451 -1
733736 3
43616 -3
13156 4
24523 4
7346 2
74166557 0
1253 3
25626615 -2
4517427 -2
53154336 0
757555 0
65577 2
2773543365 0
3551221 1
24447655212 2
4337162 0
1445415422 2
4175 2
15275 2
4664 2
63776225 3
277215132 3
3546 4
15257362 -2
3361356 1
24715127 2
6762271 -2
511317 2
756366 -2
231176475522 0
144746 4
766157 4
237677713 2
737743 2
15461163 3
1112444 3
46441 4
5317455 4
7711231 2
6145 3
42751673635 1
756165 3
34543 5
77364 -2
1431 0
26746 3
36637 2
16567657 0
3467257 2
42333415 2
2537577 -1
267675 0
5345465 2
31533 -2
7252265245 -1
563451117444 0
3663327 4
6621166225 0
13621177 3
231247 -1
262 -2
327163 2
6765 3
57625421343 1
47276317 -2
12761 2
7752371 2
616577 3
52576573 -2
27145 4
34513 0
7734753 -1
743 5
211573 1
35227727 0
2561 -2
127526772 2
6462 3
311 0
2435 0
31163424 3
6253 2
47351 -2
2264437455 0
1635 2
3264516 2
413 -2
47347 2
533445271571 0
46737 1
2773315563 0
57155626 2
23125563 -3
231 3
4775 2
124331557 -2
11365 0
62267 4
1673 -2
76742 5
437213 2
47231214 -3
7464 -5
2551 3
3152345573 2
7776155545 2
71524 -3
3253 1
56 2
21154717 3
32622754 2
4631531 2
262763 3
3437175 2
7237113 1
71521637131 2
724156355 2
173142661 -2
616 -3
167412 2
116543372 -2
763655 -3
11527 2
3265231 3
64254725227 0
637377 2
56634316 0
71125 3
21 2
6511 2
1664 0
1662614 -3
1373 -4
36336 3
21767626 1
71721131 2
212667177 -2
337436 2
2347 3
7471147735515 1
46217547345 1
715314 0
636 2
123344 -3
512 -2
277456 3
54545 -3
22741652 -3
512455 0
11463 -2
11161367 2
374 -3
5715426 0
54636754265 2
723 2
17664747733 0
74125 3
35716 3
335 3
165132 0
767 2
2563253 2
71235 0
255733772 -2
367223 0
7533413722177 0
111733444 0
15637243433 2
1676441 4
1246 4
3615533 0
41525 -4
143461 -4
1575633342 0
73115761541 2
3652355 -2
2217626 3
4211172261266 0
1662 2
55363777422 2
5511 -1
242 0
315523244 2
326436715 2
33215 0
654113 4
7123611 0
2357667715 -1
5614276 2
6557663 -3
7167153251247 1
1653 1
21321 1
2453 3
3725745377 -2
44215 2
36241 5
3655435 2
56316 0
17526 0
6572 -2
331532432 2
134713133 2
2473447563 0
7363 2
1754335723 0
27133212 0
23124 4
532555216 -1
327365 0
33774 1
6267 3
57155657 3
1175413 1
2554 -1
224243 4
1634 0
5473277275 -2
532375 -3
34651735 3
735642 2
26367246657 -1
6527657 2
22437432 3
5725226765 2
6173 4
1737 4
6455632 3
555132 4
6121373 0
571247 4
461235355 -2
367611 0
4415 2
522465 -2
4773 0
3274234 2
2567671 -2
6634 0
646716 2
724 2
662214 -3
15476 2
767534 2
733146 3
7177631616 2
11133175225 -1
3173 -2
72334 4
2353773 -2
5656116574 0
37456 2
3754574 0
2635 2
64123175 3
175247 4
51762 0
7111662154 -2
24421444 -2
712 1
71227261 1
53173635 3
2424 2
5633211 2
67113164 2
4323214 1
52442 0
471 -2
7636 0
534622 -1
373355772 2
322316724 3
447616 -2
326222 0
4712 3
322323525 3
3137 4
76373574 3
244473426 0
74432 0
747613 -3
71525 1
3674143141665 1
6133261 3
372133 0
136764617 -2
2211116 3
1636341455 2
2351 3
44634 -2
12733 0
47 4
611516 0
643737 3
11631725662 2
171257757 3
762445 2
4355 0
77145145 1
4644446 0
2532155 -3
5247 2
73541712 2
2274655525 -2
2362577651 2
37165225 -1
33561663114 2
63213 0
513353561 2
322362426 -2
13471267 3
52472173123 0
4122271275 -1
54665763 3
364154427172 1
1175277221 2
5353517 -3
15724 2
31277 0
132757614745 -1
116634124 2
123354 0
323 1
11165 2
17465214 -2
5156 4
15523 1
1114115212634 1
24754 -1
5241367675 -2
15424 1
73211 2
521731255533 -1
36615 0
246512134 0
26256775 2
234 3
6251723 0
21732164 2
7514123 3
65111 3
145366354 2
74132 5
44774 -1
712636732711 0
15352 4
646722164 0
176621471 -2
13626317 2
426 -2
7167717 0
267523321675 0
616476 2
3436 3
4233 0
25462 -3
213 0
56117276 2
66416 -3
72312275551 2
6736 2
721644 -2
653163614 0
6267355317756 0
731 4
745577 -4
4721261235536 0
346335 3
6177214 0
2751641731 0
34224174 -1
17555 2
722755141 3
543 3
5231651335725 0
715 1
71377724562 2
34245 5
272561577 0
72167 2
211635 0
13317 0
1333365 -1
5131461 -2
467355 0
26671257 3
7251117112 2
7342156 2
15132372 -2
35174 -2
7231 2
531153557 -1
36245115 0
25244565 -2
255265 -2
7644 -2
733425 2
241213521 3
62466 -4
42654 0
715615 -2
347 5
25752253 -3
641 4
7455 -4
1131223 -3
312547 2
74666656 -3
44441 2
54625213443 1
576321 3
661723616 3
16537 3
73442113 -3
6671516437 0
527 2
34461116 2
22327 4
254 -2
23564 2
5277365 0
7 2
12163 3
4361336 -3
6552662 2
4772613 -2
661 2
3523 0
64752124 2
167173 0
4563 4
124662675 3
412 2
225 0
7471774 3
541671272 1
6751 2
7755113 4
3522 -1
7724 2
14 -2
1123422 3
5373676 -2
263 0
215335475375 -1
1236741 2
213363512 2
15161341755 2
712463 1
336 2
65543422 -1
55162 3
3641723 1
657347 3
772 -1
7757 3
2767745 4
7571364 -1
6523177 2
3225 3
5172334 2
753427 2
25763 0
1321356 -2
4121 4
57643 3
511553 2
1655456 4
7716531146673 0
76733 1
26635 1
441316 -2
52535 -4
1126 3
3772121251 -1
67474 -4
4334 3
35 0
72251 3
11622 -1
45224261 3
375672246 -2
177 2
3522542 2
3544 -2
45156 5
5734715 0
7761 3
3765 3
77213721 3
51317 0
42555 -3
4414 -3
55254677224 1
3731757 -2
5174 -1
766 2
14323 1
15474554 3
42276671735 -1
47161 -2
752262 -3
121 2
3456 0
76143 3
172634 -2
757153 0
417446744 0
33162 2
7424416657 -2
5527675365 2
16635 3
64211237 0
21522617643 2
523261235364 0
33216664565 2
41324 0
4261766 -3
274 -3
65476722 3
6277 3
65153642115 0
132525 2
1561 2
54645732344 -1
65262 3
15416441267 0
67144 0
3766741 4
7537126 3
65654 3
27337764 -2
326 -2
341 5
5451 3
111272721143 0
442372771637 0
4437131 2
65513 -2
56237572 -2
565 1
653174477 0
621571 -3
266472 4
275423727 2
71363 0
6556335 -3
53246615 -2
4523 4
5776642 -2
6664 0
3276157 2
557551 4
33623544 -2
42142 3
5417 0
412465 -3
7236516 2
77617 2
3771541764 0
77 1
752152 2
2672567364 2
67414514 1
5123 3
4652324 2
7132455567 2
76431 2
43161637145 2
432 3
7521242273 1
31123 0
3734121221 2
321675174 0
1257553 1
56736 3
174763 0
764353 -2
5323 -2
43252 -3
25317 3
3437751717 -2
533422 3
5272 -1
44137 4
35675 -3
67367 0
44257771 -2
32751571231557 -3
335662333565 -2
2416615552 4
157564142155 -5
1616621455211 6
2541266355551 -3
5371555645 4
23156612526 4
13134411534775 -6
23766176641753 2
54676552255627 2
274121776146 4
663152175 -4
67331624326767 -5
7265453 6
266674777 4
634766171 4
134467261 7
55575766112413 4
447276333363 -4
64715616 -4
7477544411743 6
142742571451 -4
6243671441 4
3544242671 -4
7755745 6
411731143 -4
22321461 -4
474362661 -4
322624175564 3
75734233473735 0
15376464262 5
2311346732677 -4
447367174615 4
432746672257 6
577117746741 8
13555111322723 -1
4126317614224 4
241724774162 4
1742373 -4
755613773167 4
16544116424466 6
3631476266312 -6
4312134 6
326672616 4
7357561511 -3
31161642 4
4463756412 -5
72172122574 -4
7332672233 6
277667362 4
655136373 -5
13232137725333 -3
644216276 -4
331415447 7
2374131 11
56324764547 5
615571255 4
15225725 6
6354232171361 2
13265113127132 -3
51234467532 3
332365763314 2
522363221753 -3
1215164456626 -4
6457612447361 4
44551623377175 -3
744542331 -3
67636752553 3
41764447672 -5
75645416513 4
337652337256 5
5455174142726 -7
424344143 -4
1543264732537 -1
34147662454 -4
54332677277 3
53473753212 -6
5265711 5
6422726 6
77541 6
5657356217247 2
45737611457715 -6
45146147331112 -2
1343434621331 -2
27434331 6
63613675463 -4
26763574115546 -1
35331261466 5
523472422424 4
32335553272 3
32764612212173 3
336662231631 4
176232751175 -3
52755337574 -5
15127677722767 4
5511247676 -3
527726753 4
2332331676313 3
4532747555266 -3
177576467417 2
16633752 4
3735572477 5
77643424 -6
25746733445154 -3
1455677 5
5265375 -4
7541435153275 -5
43611733362 3
612763741223 4
3175246143 3
3566734123 -5
5313476 5
651426425 4
35612337464 -2
22541673155327 2
76626456341645 4
443671213365 -4
6554263541 3
677311516417 8
1115225131612 -3
13656245475314 3
642752175522 -2
122743 5
43547622727711 -5
56567243231755 3
76175126656574 -2
764521521446 4
42227635121766 2
67711523214613 -1
76141156246 5
413371411 -4
4147 10
122242256133 -2
1614723273 -3
1373565431 4
742243217552 5
6754265411 4
4652614434 -4
1417273 5
751264615232 -2
7155464367 5
333474515321 -2
225616237677 -3
47122155325 -2
66437424755 6
731547336122 4
46745721716 -2
36434277 4
52272433 9
177146462563 5
3226163243 4
5564142141411 6
77563515 -4
527522112612 -3
2116327323743 5
44453531266 -5
262133671416 -2
3456245 5
767455434441 3
5725565175 4
16634734375517 0
1343446 5
65225112271624 1
746547451134 3
2354373 -4
754527142 -3
272263636651 2
36634635673 -2
3146164745716 -6
33273741316557 6
321272173466 -3
67464621641543 1
766771214364 4
6172331716576 -1
17133137732261 2
46252562 5
32254431755455 -3
712373441221 -3
13644344547412 4
613312261154 -2
725515762277 -5
44133714634 5
17266651275 -6
36317211227332 -1
5346422123144 2
1135475 -4
423774434441 3
777316533775 -4
76122164 4
5426332255766 5
75427767742 6
1261357132467 -1
4513271364 -5
674316111465 -2
14151361732165 -2
75737427577334 -3
21745144253 6
5425417144 4
53173274 4
376366414 -3
2221754 5
12675471354133 0
235175234651 2
641637466 -5
7562447134 -5
71754773 4
44614237254 -3
1511475 -4
562563167142 -2
721544325 4
457463123551 4
4717262111634 -4
164251521 4
22531147332411 0
15543245 4
63675475432432 3
27441317335 5
2625736171 4
56246324 4
21137263573 -3
51341451116 5
15751174324665 0
135563226255 -6
15167131532574 -2
324732517 -7
62141115653646 2
3654232152 9
711164276474 -5
62671326347333 -2
27354321645 4
224523666 5
13433543715744 4
3113471372123 -4
71133531 4
2646721743 4
6477274277 4
7356213731 5
3434176525 4
266116224623 6
16267266773164 -2
374772155456 4
5474441634 -4
5536126757167 2
31756523715 4
574364446437 4
47237454 -5
42771752312 -3
5776772534 -4
751151677713 5
7215125144752 4
23713523572 3
1665674154257 -4
142437715232 -2
373167 6
6176516256337 -2
4364426147462 -4
311436221 5
375156321 -4
141335655136 4
21271477 4
2416567251442 5
36541126555166 0
56172155766 3
27257763 5
14547263311 3
262657 6
715243547 -4
7246412442724 -4
717743 5
356731443 -4
127715526353 3
57674316711 7
54411242 5
4562751 5
422132 7
211653431136 3
643253135 5
1363234133235 -2
4227716414526 4
646266177271 2
143655621 4
435536643617 2
13754425 -5
21167126423 -3
1455312 5
44331234267 5
72172237672561 -1
62346627241442 -5
171627467 -3
3645735751 5
74467777 4
2642224 -4
2633657513517 4
4512156157662 -2
215214442212 -2
241163176775 3
5122532256352 -4
26111132723354 -2
676133252437 4
1411565752146 -2
112251143 7
64235467265221 -2
46431461437764 6
54224444667 3
27122653264367 4
41136317355 -3
146344552 6
3363726116211 3
7621355637 4
3134225573243 5
463664734 4
3532725626 4
15654432212167 1
711655122272 -3
212252433734 2
4563776774331 4
123244356 4
2455557664673 -2
27455745532 -3
3273312216636 -2
47736132 4
3446264 -4
547565 -5
613261 7
254753 6
32734442 -4
1144532767456 3
74267446412415 -5
234214621 6
167142154 -3
71712733153227 -3
2477371166 -3
46136331341 3
13267466 -4
455156 7
3712273675444 2
446514 -5
37177345421432 2
34115513 -5
245325741751 5
742172341137 4
14423177 4
613217156137 7
71141637343 -4
24533115621711 2
3274147 5
25255251566 -5
7455751 6
46715235233253 0
1122271557125 4
143312757 6
67547126314173 0
754165257742 -5
22746247732451 4
6573343622 3
3755641 5
74755257513575 4
1352513235 8
5645633642645 2
134156672266 5
3256162532 -3
473677421216 4
36142764221722 -5
237563216613 -3
5115566351 4
637772274 -3
231365167 6
55146 6
34474677 5
716426523546 2
14647111514 5
71171424736 5
4466414777 7
122316662 -3
7624554562246 4
272172156473 5
6643622164324 -4
547645732545 -3
522426257 -3
2154254666 6
344163341377 -2
145761436 -3
715445132674 -2
4777747636437 6
62212322736217 4
675746433457 -2
311413527235 -2
4443654632633 -2
25617441122 -2
63617213664 -4
4241451732112 -5
2436472674235 4
56571676 -4
13535654174 -2
1332543261 5
427761773521 2
43262472556 4
646736672316 2
7645116467475 -2
272243241154 -5
36171162172267 2
7727455342 5
741271552 4
76146151254 4
53115154311 -4
163452712734 3
3772516632136 2
17327335753126 -2
2355334472333 2
24651641672277 4
54256516735332 0
737217227332 4
6465665773362 -2
1217562671323 2
3316324715654 -3
366776 6
26625514265 5
24757272521724 -5
2441575541 6
44633614364445 -3
2374773163551 4
7543613213617 -2
76434447 4
72324716156654 0
1234725 7
1434734 6
1754745576 -5
27264573 7
71332552716 4
34434733 5
31414566715552 3
46571543357275 -6
134474573 4
1251133642 4
551441745 5
5465726446 -4
635367351527 -3
42146321334262 0
6634521735 4
72761132134731 -2
7737773311 8
76426536513462 1
55713256636 3
5756713 -4
771223116124 -2
5734651 5
25275467514417 -2
46527556233354 -1
6442542546 4
724557211274 2
35512757 5
563561553375 3
64145473415612 -2
4613173336145 3
7116475751 9
145467 -5
34571456362325 -5
2561332564 4
22435753653351 -1
773441325 -6
717464 -5
12274262355 4
5772122674 4
15416343215 5
75125231365 -2
171345566424 -4
143575442645 -7
2152264615466 -4
77114326552 4
1133137271752 3
3477172546416 -7
54443522715261 4
1657557344 -4
2527137535 4
321214324146 5
24233451577773 0
2722121666276 4
4662221446 4
32167135563 -4
1735662462272 2
61433174744 -2
52646457427 3
42417664 6
1521742532 -5
2127156434625 5
51432525544 -3
432342317662 7
22145 6
7722375364 -4
76117237161232 -2
7624462435 4
77411115731 -2
65441543716 4
741462727 5
75644636424 -5
17547517711 5
156151173 -3
364256523 4
553772334356 -2
313514736 4
33177433252265 -4
152167767613 -2
16431473752655 -2
6625516321765 -4
747735446 4
234157446 4
2112736733644 4
1356267226 -4
2146755141 4
7547212762163 5
57177154577 -2
64552332561316 2
6614745352 8
1524443164 -4
125754147 5
25221444 -5
3157473446624 -4
3557322 -4
617236115427 3
45523414344 7
736571161747 4
751127776726 8
5643656644463 3
4517254 -4
2335462775 4
7722364176671 -1
74114367272766 -5
77614613172 -3
76257447326 -4
31174533315 -7
36146263262467 -2
261761513 -3
67541174367226 -4
632135 7
312551436477 -4
53476475433221 4
5435171573 -7
7221153563172 3
21135753511 -4
35575425 4
47566536146265 0
51173127655 -3
1663755136445 -4
66613666233425 3
14451141623 -4
41274556645 -6
35441546321 -2
555751117 -3
2724464214 4
757127755657 4
5266346412261 4
3737 11
3521746234 9
643216613263 -3
242251531221 3
2231427575 -5
73455765641111 -5
4467133577565 -4
24351145647 5
63475446331 4
1511172 5
244675467755 4
142264 -5
2563672221314 -2
5574522654 3
6416447233271 6
753345624 5
132114643 5
71614362352316 2
7312365277 3
6217543557633 -4
4111773 -4
13731156633747 -1
5551434411245 2
531725117 4
54341 6
56713257 4
24236464 -4
24345467414245 -4
4771257622665 2
2632535 -4
374641644 -3
754115437523 -5
54755176272676 -3
64746 6
642412724125 -3
4374276537512 4
1113763247111 -2
42656256514 -7
166364512344 4
654457744724 -3
27454145332 -3
643145327 -3
2565573773216 -2
336314413574 -2
722565177116 -3
711531134 4
2262426314562 5
444523171 -3
1754147346 4
65116264723 -3
12353742 6
67627625572 -3
64574335127451 1
614423773 -6
2317261647646 3
651761 5
4345352435 -5
772237766 -3
323517646 -3
55326634 4
5536456172 -4
24661346437 3
415646 11
6276542144 -3
473425317753 -3
6173467 -4
3414436432 -3
5565316623211 4
32757136 4
317375777 6
67177671121334 -2
572223555265 4
253321337175 3
5477264176675 -4
33523373666 -4
36764255124711 7
16313711 5
15212163667 3
1411344476666 4
476276637677 5
324331521 -3
47466532767 -2
145411167 7
7347426317356 -2
35163356 5
7275334 5
134214365564 -4
6666343747 5
4466324 -4
7434766 6
57662232146 9
62257152314524 0
61472435641 6
1354232 5
672221723237 5
615417345 5
77311273421 5
1721677473 3
4427614217 3
67677344552 5
27256743167 4
25435712 4
17637231723 -2
17417612446446 4
17333467411725 0
275472536714 3
22535171 10
3276311712337 3
217124624716 2
124123 5
34755733321572 2
247413 -5
324441754617 5
64221173756 8
2577125367133 -2
36344371427 -3
217444153 4
745463472164 2
1212536423 3
63773667454 -3
342167747262 -5
26571314532266 -3
112366551 4
73443631356372 4
775741762363 2
7737535451246 -3
726621623 -3
77472314463171 4
46336164735712 -2
5234625471277 2
67464163431 -7
7117217535 -3
347443224 7
241437 -5
6721622247711 -4
4661677252353 2
3146155126 4
2474276 6
632556125535 3
575772731425 4
147561761525 -5
124273173176 4
44643471134 6
55147674171231 -6
5331515 -4
1217112172557 3
13325733251 3
2261342467362 4
3146162571757 -2
74346222412226 -3
43433411141536 5
7321565577 4
73345427 4
72463526127 3
43347542145176 2
76623721747 -2
22277745 5
177525764773 2
22244452644 6
51764266745 4
6267671531231 -2
126473415576 2
6771372426635 4
1547544242552 -3
7561341226355 8
2655575 -4
53271513564711 -1
65134213273 -3
22654525513 4
73324417222 3
611162431755 4
663714115 5
61675462253 -2
17745745365213 1
4626133471 -3
6664456711 4
14562145747 6
6313464664 -6
56627647 5
345342736 7
551476455637 5
3653151756352 -4
3634626466 3
76626316347177 2
257575 -5
76321257672 3
76751111216 -2
7415366657571 -3
43262434777176 -5
4171353256125 -4
7435544336456 -3
74612544174 -2
62412164753541 1
65711151264454 -2
146315574723 3
67217146311 -4
2543161467 3
22257633437751 0
147137435631 2
62253457775414 -3
416632736 -3
74322437514244 3
5455344273516 2
4334211252 3
472147 11
4674647321 -4
11714735471562 4
337117477 -3
466566421675 7
1464726 11
222646537715 -2
26512643677417 3
24447445636 4
442126435171 2
53262252467 3
334733314 -5
6455566742 5
633247 5
262231766714 2
136122457 4
7354763217 8
453355516564 -3
412625531 -4
7521215213 3
157511266764 -2
75326111533 -3
4311441265752 5
11172352443632 3
7226174523767 -2
727165611122 3
42127456644314 -7
347246 7
156115541 6
243321716 4
33342466 -5
17776377746516 -2
2461473771 4
452441361116 3
3663724641312 -4
4157233222333 -4
6332674325456 -6
51371652521 -4
33344411437 3
155177444 -4
511534754523 -5
713467333 5
32131337611636 -3
453471566675 -3
75765452173 -2
133163631713 -3
4277424 -4
15661772626421 0
5444345446 -4
2644144544676 -4
263437554 4
1251156624 -5
42321514536163 -4
621543644776 2
5267661421641 5
7347642764454 6
361567 5
774374111 4
72171352415 -4
44257126445774 3
67613625374 -2
517376216621 -2
341346651321 -8
1353312772 -3
652561514624 6
7114165755333 2
15775573457712 4
3311612536771 -2
1163123347371 -5
3757217673373 -4
427627 5
75235732423247 0
54346366755256 -4
236625371272 3
54733524522 5
6517247763 9
356213514 6
13575325347575 -4
33742 6
5414521713477 -5
1233156343332 4
14276311726 3
162176747722 -2
134245 5
1263765733175 -2
61571761 5
157661156231 3
73156722766771 -3
27647331 4
55642633731557 -6
7436425623224 -2
371456222342 2
2615355 5
4765421413716 -1
32355721325 -4
64441741727616 2
654541215421 -2
3666741615534 3
75532631725331 5
45251526556 -5
444153461 -4
47236461413136 4
66634724 -6
3535255574 4
7272331 5
37655235427 4
1352431346 -6
31763242 6
62353723 4
6561171532415 -2
21254734544136 4
2375364511552 2
724541 7
71655377 4
74324543262 -4
33367115567731 3
67456552177622 0
737633375556 2
12562535375365 0
514347217577 8
6661344744 5
7311727721536 7
5741112 -4
1264273725157 -1
764143633461 4
13612437461153 0
74256416 -5
7332411634265 2
52552214561474 -6
321674644241 4
3752616112141 -4
63733327211676 -1
156642442 4
1674417277423 -4
2261765462446 4
2772265326654 3
7624531753172 4
3241466117 8
444133451561 -3
6771664523 3
6624222713 3
753714226 10
42651467613 -3
52425664 5
516154 6
744456241721 -4
56522453755326 -3
56647712 4
32267257111 3
23675315243 4
411746 10
26413564233 -2
452133317612 3
62112543226474 3
52412354 9
26457175745 -5
65566611616435 -2
444551 5
57255414742226 -4
1577746 5
513436127421 2
173544523466 2
74534477214142 4
5627716416641 5
71312716747327 2
741311652315 -5
1266727225445 4
256632537456 2
34611776772113 -3
7517143544 -3
211351151424 3
4733363221 5
113431752227 4
24446324475746 -4
667321633316 -2
4714164655 -4
65125757422 -3
3732326543 5
65763322345224 -3
637677631321 -2
6344635636111 5
6742777322341 3
3464446631 3
554626441253 -2
75377754163 -3
54527513766154 0
4675571554 3
72347442122 5
527144547634 -5
7565212415 -5
55114415472273 -3
644655721677 -3
223176522 -4
54443741451367 3
2516674223227 2
1542322346125 2
41574563 4
3112134564 -3
531541471 4
76747412464 -4
47766677 6
1562432541325 -1
12357442134 -2
4664773452 -5
13116322317 3
62472171634442 4
6646426416123 -4
67571267162152 -2
44154252657 5
66616447 4
252725715 -4
46172175636 -2
613343352735 -5
741526176165 -2
536512464 -3
56577252352726 5
516657 6
2167736753764 4
414552 10
1572267164 3
214331627 -5
347221665622 2
1612255577377 -2
514677114 -5
775514165133 -3
6113613656652 -2
11343724651 4
35656457352313 -2
272263642747 6
53256121667 -3
74245462 -5
11414513 6
641641252 -3
57244535237511 -3
654262264 -4
536444255274 -5
2454443 5
27474373 4
15465223 5
16416445565 -3
75755171672111 2
333611747 6
16724472224627 -3
17757147 4
32164625 11
6146 18
243335424257 12
5512243243536 13
22144426444 15
265756512 -12
65444437612 13
17516442226766 8
7343363417254 14
74746315233 15
5654767662 13
74642572132 15
51756773145177 -10
165746146225 -11
1562527227511 13
43745416472735 -13
42434653771434 9
1626434452343 13
6513243566177 12
43623536647361 11
35544262 12
33375546411 -12
427631264721 10
51615567 15
543772563551 14
27534134362633 10
7234472553 10
6126741462153 14
4737 18
7675456251 13
737534232264 -10
2615522 17
37416146447 -9
14254 18
24657443354 -9
421125247317 13
441672735 11
5416317226643 11
25545 18
716763353724 13
1242536267 -11
7311452532672 11
51322427 14
5276313436535 -12
47413665722 -11
13167624557 12
65225331 11
334275644 16
54622223337635 -12
7231776132635 -11
661613472611 -11
464652443565 -11
7336254227213 -9
1475174 17
614213513 -12
657251234112 10
72247 18
43214726 13
313341 17
3637124766 10
45713322723 15
4161457576 12
4752514115 14
6571456427113 11
1425525276343 14
22347273731 13
25144 18
32153635422 -9
4337377231257 -13
513432277262 14
76234731336425 11
523463127 16
76325166734314 -11
72244 18
25362556661 14
376645334561 12
34256765517435 12
6545423651 12
223331654 16
3574515645 15
4331773512476 -12
72122463145 10
74242117222573 -11
7313245 13
76727734653333 9
2231333175746 11
22523567532 10
557455364765 13
12447313567113 -13
475262114 -11
1425241 17
624261 17
3334574745 12
545355462 -12
7344247763144 11
735537451656 -13
6524141431 -13
13116246361136 10
6116442561763 14
624741213 -12
256613535637 9
45657176263 13
442317624273 -13
245541133241 13
33125264535526 -11
144476764 11
256646373 -10
614124 17
753626366367 11
24527634652517 -12
7714443114735 9
6114613746 12
127371462333 10
372364422621 9
375335 17
41166362123631 9
45675711324 -11
21114613653733 13
135441725732 12
635673616 11
373243162662 9
54662765362 15
333343 17
26551534743 13
31323347 13
4176221235771 10
76532215761655 -9
3115364713 13
575556156432 14
5544 18
72744157723432 -11
12462416526673 -12
3415552437652 13
762642 17
1664737326 -11
32161451752 11
473125476434 14
23644721411517 12
27164442432572 -12
72267122544677 -13
54516132144461 11
362236 17
6165621512444 10
712221454212 12
3561251232114 12
3224445327 15
73235641141 15
13475463423 15
22656563463 15
7615433736662 14
521244 17
2176656775 12
547561422235 13
746774466413 -13
63657527753723 -12
3643 18
542374177555 -9
32421655351546 -12
346247312 -12
35345615747415 -8
7227565724662 -10
16521753615552 8
113464152 12
7234616356741 12
55162243154111 12
47465542556114 11
3272634345157 13
46454432 13
3175372764 10
71424112261552 12
4151264723 12
2616527553214 14
457672175556 9
137324747 12
1416213444411 12
11376375724251 12
664724 17
1772143144624 13
326323127 11
625435133 16
7172513311461 9
3512734615664 13
6141 18
77673623653252 13
274547166 -12
16777772566554 13
427132473723 11
1177544326645 -13
4255 18
766124556711 10
26641 18
37551513 16
7532172141363 -11
32156676773417 -11
54243616127 15
7162112332 15
4155 18
4252362234 11
3435664531267 -11
75275774455736 13
1155422444 15
3357 18
5446244416 12
74322554243647 13
7214747762562 12
433267713625 14
253473155 12
564347 13
6624277635652 12
14754 18
24764621537462 13
63236747534616 -11
76433127114 -10
154756 12
57716636322465 13
44572163553 13
14431611533234 12
246335317214 12
1312453741665 -11
6644656355542 14
151611266 16
614175723132 -11
55614652233 -12
2272575333 12
774436 17
7413637 12
65612256572237 10
4551167743 12
33457262436 11
33113476451452 12
43144734462127 12
4771475271 14
74273443255735 12
25565244276167 13
76472267711541 11
267354377265 9
2663764513751 13
34412341157253 11
36262415 -11
75725143621614 11
5772323657 10
7322444321 -15
75676452332663 12
21742365545237 13
234351144 15
4115434436 13
356235724 12
4243132727 11
363652576761 12
45464137512 -14
72412417462734 10
163413547627 -12
6635123444 15
263157275 -12
72274356774447 12
514715175644 12
613137626 -12
3463121476676 9
421721714475 11
476227352241 14
25474623 13
54653556172 15
44763515774152 9
734231 12
1673525463 12
36477245374472 13
11426443471631 13
23243135 13
64317175324747 13
763735764253 12
72245465 -12
64722457675 13
731374167774 -14
43623254276633 10
5247757141475 -12
5723245227 15
725231744132 -11
62535726 11
147121634745 11
54564572675252 12
3115342413115 12
113614415162 11
34336261113357 13
3624277352155 10
26133344633 13
143233755615 14
5261 18
675714232415 -12
6454336623 -12
65513336476641 13
64177664567314 -13
6454214344 10
427243512 -11
341415317 11
4651627154627 11
77335576353573 -10
46425611574 -12
2654241342634 -10
5417154424744 11
714735322332 14
613542762746 14
2477646245615 -13
65316652123557 10
14417133756337 13
722763547244 12
11517653734222 10
37516612116754 10
2672237413 -15
326731467 -11
43677113276742 9
262225112 16
7673624775 15
372633 17
47126551632312 10
5224647753 -10
645426746366 -14
62255641114756 13
712724534761 11
72355133126166 11
4727464 -16
423122553 -14
6463666773374 14
74437 18
64422 18
2643763741 12
574666315 -15
6255126555342 10
242365117443 13
26647763123156 11
5672724563166 12
11645253 12
2116546252 10
234565433623 13
77535237273414 11
2553635322312 -8
3377247415 -12
621677243731 10
44273116655342 9
4731 18
172614275636 -12
47764457314 -12
31164576774275 10
77336214535636 12
335331 17
754135242 11
75465753 12
25134127516677 12
16244 18
4531361523323 12
332371221513 -11
5356646317 13
5266 18
3751262 -12
3472546632731 10
422361353113 13
347342243421 14
52126766555625 12
5747 18
4372325156663 -12
4626 18
53356536711 12
344126517354 13
4633 18
7156553733 14
146575271 13
27665436154 13
41214544563657 13
72266415465547 12
33142135454161 -9
742424353153 -14
4772534631522 -12
222261643424 -13
34471146735533 12
3117336113 12
31647721372577 10
27273233516 -14
15172122517 12
2237 18
2111134674537 14
7771424117 10
67667252561667 13
46555672753 15
273223 17
4722 18
6746155565233 10
26635216454163 11
446316175327 -11
26572643132214 -11
3572164735221 12
47356251275324 13
541163751 12
53411442577133 9
12656747233 -9
46534227164 -14
537354746426 -13
1331425152 11
263276 17
66232514357 12
12264244 11
4236455612277 11
57637214131741 10
57562635642622 10
31661212464 -12
667143131425 -11
4216153555174 -11
6575676251227 -12
1347624372265 9
463767254 -12
212435 12
6673462773646 10
6372322 17
35144445227552 -9
4621664552 11
362363 17
336514222 16
51112571 16
3627 18
12465256156552 -8
3163362652246 14
16331475247 15
25634614411267 10
71552775112713 12
655725555332 13
45344777356264 12
25233766 11
374246242356 14
44227721 16
153322575 11
5265142714517 10
66546614371 15
1124143135135 12
3436517155 11
3477122736 12
632654776451 12
5561245311575 -10
31235756126 -11
7174364473634 -13
4517417714516 -8
62765532342624 -12
227736 17
6626215557425 -9
13372526 12
76424123542 -13
22765557543 15
556215 17
51353616 12
31554342273 -13
5742226255757 -13
6574547333 -12
1621474425114 -13
51524543 15
74445566262 13
7532242136211 -12
4266 18
32544521 13
43334444222372 12
214552753546 14
471746755 -12
27452375615543 12
4343356367 13
731521534 13
15474326 12
1143236527474 -11
6651 18
3157 18
7143525 -12
27674542357 -11
67125143564273 11
57277146633232 13
77133513274142 10
652526411316 13
566221227257 9
2321337253 14
426147 12
5162523664531 -12
1772241 17
77434635 13
43121642175 -9
116612614341 10
55713565244644 -9
45342133256451 -12
5625625156362 -9
362662 17
77474477 13
54227415627542 -9
132364267316 -11
2462434577 12
661715272343 10
6551475664 14
26634754676256 12
3261333267 14
3154435743 12
1234224532255 -9
6543465521331 13
32746327644337 10
2433227223 -11
16134527371 -12
4757 18
5531745642714 -9
5271271753 11
44753722416 15
567267376173 12
42372656412 -13
214661761142 13
341566622555 12
3426456142 13
1561124675155 11
451716411277 9
55556215 16
251343651 16
4372572627445 -13
746634153 13
57434546312471 11
622342627 -10
43416727356 -12
472674 17
224427 17
3447526734 15
77343421322 -11
447356277413 -12
3231537724 15
57244122 13
2134573746 15
14563422277 15
534712577143 11
71776343633 -14
6645335711143 -12
5736524566 15
4332626222 14
153336355752 -14
4317211637364 -10
42432175 16
66746612231276 -10
7476532341622 -12
52537755354 -14
234541 13
76252256152162 10
631473765 13
74644475155152 -13
757326626125 -13
6645357675 -14
133272714731 9
53551421632534 13
7417423666 10
54454224311 -13
4125341564661 13
347654366145 9
176146 17
64455157 13
15573256676145 13
655631444152 12
4434 18
553531 17
76445321377 12
267734413755 11
7134774225575 -11
1353322321 13
5747415 -12
414731 17
37361243217571 9
52247742264 -9
5672241227 12
35545132 13
152764113637 9
2736 18
5131 18
67743217454126 12
2243631565 -13
5632316614 15
654424711477 -10
2742 18
26533771111321 13
56662226723 -9
47175323542122 12
6466275151 13
333446257552 13
325257 12
621454551432 -13
34232351726 11
2512564363527 13
4756324221 11
5122554611576 -13
232575377 13
57516743624 -12
57211255634745 10
412472 17
7715142517313 11
755411613126 -11
2171577253 10
2436627465171 11
3155567523331 13
42246767234173 10
124643137655 10
5214646432 -15
57756425547 13
762562464551 10
34777512346 12
7333616562274 -13
277517225211 9
3313245 14
364766114 -12
5665565125654 -10
336422732466 -13
2123222623661 13
572657366 -12
4734 18
362322 17
21543434133325 -13
36272522453 -12
57474452 15
2511266 17
11745742763154 13
3757 18
437637465634 -11
2276675463 10
1337145257 11
3355 18
357775342714 -13
436141354 -12
16566165516 -10
431146161732 11
74424 18
424264 17
54141555573 14
34456426714436 13
54615341 11
231357646 11
56753344631 14
4525631273 -11
22257151465531 9
4274631226266 10
3464524723342 14
47713114137731 13
25411234316 14
656422433532 13
24225624732727 -11
7536242236147 12
11632474451 13
231512744273 -13
26327161427 -11
5157531546 12
3736514 -12
32163126 11
521635127245 -13
71353555424651 11
1356262343 -12
712342354522 13
6413661373 -12
56576416 14
416332464 -14
2733 18
41272571364 -10
7767633666645 14
7556555542416 -12
477731 17
7121141547463 -10
34231416237 14
1625472341736 -11
21541553311247 12
16566221514255 10
33362325763 13
641461257525 -11
255337662633 12
1325654 13
665565 17
1411277417733 11
4134 18
13625622524 -11
264762 17
2263543751 12
36376254 12
32762452764143 9
2275326225673 11
52747236122311 -12
2152117764613 11
3747212617771 -12
547463267 13
31253245574116 13
71326637 11
35524513617477 -12
6235333111 12
574332441774 14
3237452563143 13
64572753 11
4113471221775 -12
47417661 12
326475334145 11
525377 12
356233575577 11
2735725121527 13
374373 17
3474136575673 13
53722231 15
6543311625 12
23363437544 -11
24615312553432 13
65623372664 12
43654255 16
533253253152 12
1462465355346 9
27674224 16
2455146 12
2476553366716 12
76777547444724 13
77463637 16
6452247612553 13
6653245777 10
42123365632536 -13
32224647262217 12
215364363525 12
4433 18
27246531 12
74513716476324 -10
76212673773 14
7242233176 10
13261755733621 -9
5737 18
7257434174252 -12
2215435461366 11
5562 18
61243536 12
362272 17
664365147 16
364735761 -10
64732327731652 -12
635756624637 12
67211452135745 9
51134133635 -11
5236441122751 14
1122122427371 10
2413514662 12
435654667573 -14
742641741512 -9
727477161623 -14
33413745333127 8
24534141354 -11
465416526173 11
113414216 16
6623664414236 14
17457357354171 13
233315146151 14
337272613167 11
77443144 16
5465242 12
631565777 11
26277547 11
67367754551 14
156132615114 11
2361671166624 12
2161444224242 -13
131525653457 14
417553113521 13
6245554557371 9
127477637223 -14
62551445243 15
357316422475 -11
4174522731543 -11
16446744515347 12
4727 18
67345552141 15
725554331 15
756315421526 -14
354414424 13
4455 18
5256164447 13
5246175563174 -9
4542616123225 -12
66764135331546 -13
4137 18
6742255316 12
1177773351 15
7123653473537 -13
6261575 -12
7671256572614 -11
32446337651 15
336422231 15
2374514715 10
3415153323324 14
77473263764115 11
654271373141 10
477751 17
243255616412 -13
34236531255732 10
45265756 11
453116256141 11
755162533347 14
62144541376217 12
375416463271 11
1241134156134 -12
37666715542163 9
5234327421153 -13
247426363 11
73114411731465 -8
757526431 11
244133355142 14
326127325 -15
75564222555325 10
655145246566 -11
3151 18
3522566233353 13
653333756317 11
4157 18
3453232232167 12
373357 17
263451655367 14
144144461 16
25512364 12
633457477365 12
425653 13
5246453465122 14
6522325464536 -13
726323227 16
22566535545 13
6775151311677 11
6636245447123 10
41437532 16
54676617546433 -13
23564374115674 -12
34654747 12
24732455556 15
775527643 15
6742253636 12
223632712465 11
4577227733717 14
135556261437 12
3512336314343 12
52535561465437 11
26134314622 14
74633145672 -12
466662572321 12
7241171347 14
4573217134541 12
3226623443241 12
115737 17
61765435756 10
5344561374244 12
73732143441177 -13
6425133637 12
647467131 11
61635636463167 12
23577341162416 -11
2421663275266 10
443674 17
43776542766663 12
443533747542 -9
312627371 -11
531432254 -13
3532724571777 11
47764211357713 11
171467553 11
3727 18
444255 17
31751635244212 8
24415366445632 12
442261 17
314241 12
76542744674 14
621151271121 14
1525637546 -15
2347526522562 14
5561 18
4763264275456 -12
421255 17
6537442374536 10
772556351154 13
7566151452 -15
633573775765 12
331423221127 -11
5217574243766 -12
1572142465324 14
2741772553 12
352236556267 14
1456356423 -13
535642123175 9
775751775665 12
4223774671 11
544722374636 12
254531145 12
45677553421671 13
32551373567 13
53325236433355 12
65665722464 -14
33446362166 13
74234273614 15
11677136 16
146121641 11
666437755157 12
57734117127644 13
1656615147226 -8
46633231 11
716326452416 -13
24254 18
75262212725116 -8
445112 17
4254 18
674172474 -11
443741 17
1264272227551 10
56134544742566 -13
222376657265 -14
53114372422 -13
54772246547344 13
225364625643 11
1154721171333 14
76637227273 15
6162523673561 -9
5566215653342 -9
4324545214 -13
36263267 16
6427765276143 14
55242621153 -12
2514225 17
22432173564115 13
57233522367465 11
6763715173571 10
3631344 -11
43473153411 -9
41255721623552 13
1175151752522 10
723622246562 12
745327174144 10
271311233741 9
2527323735655 -12
55627437126571 -8
6773162425 11
7723442251163 12
63142544442172 13
34571247412274 12
33555312262 12
455322253623 13
146716344766 -10
5566 18
33732622353532 -9
752435247 11
47562342 12
7424275365 -12
52557165112454 -13
5745 18
455364534125 12
25275266474 -11
45327553531355 -12
31152761374542 11
71313446156553 11
4112463736157 -13
23725451312245 11
216542674413 14
2735746132513 -11
414673453 -12
25451625524377 13
72355436 16
6123473741 10
22271745636772 13
22153632617 -10
2772162541472 -10
15657272771432 -11
524673176251 11
41711573464 -11
345746371526 11
11725633746 11
41227711 16
54133145613322 12
6227357242231 12
213546362 -11
4265573472645 12
43275226434 -11
43613216614 -11
47647724 16
72154377657 12
313741 17
1143157232264 -13
1172226614712 14
43773121 11
6235743126 15
1263742667265 14
1357342426 11
414711244357 11
246174713 12
36247217344375 9
5416635331675 -13
5611323442 12
61247371144 12
47523523552 -13
52443352227 -9
562272544415 10
253733227554 -9
37376665263 -10
155365314752 14
36625416525 -14
674716531 11
4347525564 15
16423537 12
544356 13
3642714523574 -10
5143374737721 -12
4153417 -11
12317646551 15
477253445676 14
6625244723134 -13
3675314474166 10
6165173152 10
12314 0
12351 3
274552224131661 0
5455174361263362 -1
2531276566711153 2
37313333717124171162542 3
6614446666373154 -4
24617524315172127 2
6242432155656447531617622 0
4642332434166445 -2
165713352355467777 3
7441746225252552 2
7225753363613131156611 -3
246767232112661771721576 1
1767235667232175621774455 2
6323454652623215 -2
1113222154334225 0
214644735611711 4
555317266147361 -1
52446155614451175 -4
444712564755311374 4
27222774542216557563711 -1
71324677554451437653 0
25734476675755361223 -2
11175617456367267331 0
11163142533736577 2
16633611716233262 -3
1644512363271225114 0
745673372421446145467 2
23663444331752227747 -1
2531433343131451454271645 0
471451525335677414 2
775423655217723322774542556 0
651173365733134 -3
2521714167472245144277371 0
215235542122662 5
272176264461726722 5
746173754326277 6
6666265473321316 -2
36466712613373735727361 3
73174513544431213 -2
754342667775736 2
677327571425466 -2
531546272511217222 -3
614551547675356721341 2
11233566724171221527127745 0
5611375712215524244 -3
6223121131332157157 3
5444347311237447 -5
677634134374374335 -2
71523214715215162525 -2
413325161354321 2
11656471431734112 0
4337567364435613 -2
641725477335522 -1
5465124267522111164 5
14425122147514222 5
2712436346127444122547316 0
33357316327613515642 1
4674124315136524424176276 1
1743447634223242 -5
24156146661463644533 -2
127736424452227525165 -2
6332211531713335 3
7714772136634341 -1
15654663755137125261 -3
534576711177563314 3
7373725155361745137453 2
144776561313742 6
63273773635735223117227 2
671251122377147627 3
47726766544711545125536 2
11667243654263344216 3
73565241466334232 2
16327716146721131326 -2
656226252613766257 2
247247557235426617662126 -2
2742226521771776652745 -2
624412757747516 5
6611755333241273326167 1
472324655672512433 1
6123726173256667321 3
727435566427377647341 -2
75154372132551133147442 1
6161171325365141723352242 1
6444744627526347717 4
37151411745261166 6
345474574325364321 1
61116745365555744225 0
57122125723724271141 0
14225277722665674 3
6576632745167756224 -2
456136555111216142573 1
135735127271332772 3
62444612461574235571247762 -1
267621632652131 3
522151254734131 -3
5343764533155265 3
717215566631657717471126246 0
621615716227145442 0
27651113357415512 -2
361576644653612 0
576144672552167723 3
14346677323555125263 -2
654144162363331615553165 -1
261372453677356 0
54174711342446722 2
724166153715622237564441 0
16161742317142641747462 2
5226726753511521123676 -3
717714345342142476 0
7233377175454425676672 -1
7276373732237454434 -4
15557772126633324576237761 0
5114214311326126744 1
11521437743772234312254462 0
11367255733163472735 -2
656432257222236551373556 -2
4612647721433714412 -1
16134741155713316273266 2
66615677537722311774 3
5255312676617552463 2
5557613434136153171 3
252251572125725 -5
16664717765264114471132737 0
7751562335361316 3
25431127713223144 -3
11174545777323746476 -2
5616663253732117471 3
615364337725717515512 4
7755511212353661511742 -2
6141142544312147 4
717714776444463472652 1
7422742154712642265765 -3
225624761262234674477513 -2
63177227117533477 2
76356371155733171761537 -2
6533633636563261 4
2762662111356461145 5
47552562627375563777136511 -1
461663663312774 -4
52172323131536256637525124 1
4666644367334726147272 -2
66117321615252177764 2
6316117111247227624425 2
3132266712467455135631 0
14425275524725673274 4
755126173123671244376661 1
255644442164457 6
72344213243772223 2
4727627767627512232 0
736657142241757413 0
333424141547325257 -2
6476523755327267 -2
62621432141741713524767 -1
337167156657665165 4
7615116652662465 -2
45716437674255747 1
66625556165431672225775122 1
1336627541337156775 -4
1212671441225627631661725 1
31654655127454356651 4
35725132251276646 -2
4327677327152215766726 -2
5272276274533664641527 1
7624446144631647 3
2664321635126321117 -1
6535261655512315377 2
24114657447556133315577775 -1
7611645722275266 -1
522255164613155751 -4
311274352476462 -4
64565357177617746 -3
423167763736756376726 3
43217265135544473216752 0
135513243273611121364 -1
4547757772362423565474 -2
51537226664425671625715 0
3226421117641222135 -2
64241311225566133 5
5445742536725412 -6
72351321232536454712536 2
551223261113377672 -3
15424451533642162 -4
12231167764632122264116545 -1
475147721255344716226 0
1217177157156773 -3
2214652265724473 -2
423356447156174367313 -2
377717722713652 -1
1616745147222121 3
7326262152731736136167 2
767166611143551155 4
3551176646677271311 2
63437533236115574 -5
172262474477235415 2
762534567767326455665154 0
71145712323214213 2
3623416247221422455 -4
17511557425561635 -2
723632246413573617752532 2
376415574461133134 -2
5216564114654566 -3
1654674467112314535235 -2
22346364415737725245241 3
113342562111152564277 0
753234545216725725513333 2
27464276136632755734761123 1
32267667617321475144 2
31322723753163221 -3
6164153751111362763443656 2
4465756641755717 -3
712757173216335433723751455 0
363572666546167 3
166665441275564 2
65761723331743165455716 3
4233637361153747255713714 2
5323312511476212 -2
156233312741537254273 -2
35717465764745435445126 0
341341213513761344212 -2
46665451544321224772674 -1
6453113556221275713154 0
7773122663143461575 -2
5172222517572115357 0
154256132455755126217 -2
245436534133154164526212 -2
6277356144524663 0
6723443157767732722356631 1
1366264212241115 -5
731334226141141 0
51232671771122315515632 3
715121127344523776 -2
112265567527663534543 1
23145736111776722771156356 0
51467413266115771756 2
515433452245767666535766 2
5742542411264143411 -3
634552133353365775266 -3
3774471353453164 -3
77652136665472176617 2
1524467612215145311475 -3
64627166713313362 1
7453652136436732216172 2
56447651417351366465 2
567727534442667472 -5
712422147752456 5
645554651222512745243 4
433536622356527 -2
751465413342212312573 -3
6754752355435437 5
33466343422676245117 -4
433173666522463445775 0
1641175221477616656 -3
634736637676125 -2
2576656115111456156546 -2
6517643167442672742 3
331375167256545744372 -3
334511716247274425247 1
36263266516413533637245 0
76723232251247721447745 1
134126123123324634 0
54512676753755432561223431 1
1135337166723662772627 2
11155155355346122 1
2765575376661223 2
1212365162764617517122742 2
412454575345377346251 -1
2444626347735135736677 1
455234674423614216231 -1
1763351116131733 2
712554251441352162 -4
616467343611471362634 2
356772472543562137131 0
262226773213321 -4
537361211633552 -2
461555661415411743 -4
4372241146517264744 4
76212163724664334444212736 0
7231663434236245 2
556473117772552524334417 -2
271471627377761 2
657451557215761711 2
235461435664543 2
3621552673651441155664 0
665477712172176 4
7735146562577671462 2
27624336341466126173463471 -1
521337647223552667 3
71267111173574275522733 -2
44131711755337243244376 0
4156363671746336321632 -2
5227537247113557535 4
65424516625755511634 0
25537111322531627 -2
114755761157654664137 2
21362765461553656452 -2
21645571324664371133 -1
54671716514545314 2
142642644756145 2
47647323216635654 -2
567445467745737174 -1
512757754423454 -2
12463367323777334545742 -2
7215414532742461467 3
632674261711664 -3
54451332667341656 0
61732557147336671677264 2
1566537516356522275231 2
1167245516135541143453 -3
63242217222575463 -4
11651346744471545127266 -2
53362412145715614563 -1
125775554151456 -5
7444667744247326761111 -1
333257716366373 2
652324646671462 5
351626363254655333225654761 1
624133255337556 -4
3512443644564473 -2
4141631473154141377627227 0
2241276734332572723 2
7755775244372456 -2
632766677336675144147111475 0
7634136163653756254547 2
45266256172466233 -3
356575526362266332161545 -2
632426276231422 -3
27214255241557766 -1
4336326332721111 0
6415466333223542 5
5521634522311737347463 2
53622556723264113 -2
42617617753751613252 2
274651557566635524323 0
7515677674775525433354 3
6226625563361753 1
674111144477456756427 -1
5445121556773573217211434 0
1672323221722365173347 -2
34472361611424653 2
2716561473775332 3
77271115171133744 2
1644244425231245 -6
4667731413444531265212343 -1
3117231222716475 0
6333137276553766747571 -2
1344363533671426116572 0
2234246232165277743355 -3
3654233227444157136662236 0
7361422336674225221 -3
71774114113635165546 2
1311672321374224 1
773472317563465463461 1
3316753575576643667 2
227555253253641641526741 0
774133621371655 5
6562164212144731212 0
653756337733361572 2
7455314155247626 -2
53364425411375617 4
5432245551776264 -5
351334437543377 5
124372522234562117736 2
34473157477544433 0
21132623546744124234436137 -1
666362433237562226217413 -2
236266223433345627172 -2
7165362116157353253 4
61266556321117311433342 0
473614776111711 2
512766432311321547131 2
42237113367354214317125 3
7743656446571135 3
61457457413614351 -4
27426227736217573711266 -1
154744655614726 2
64215273552746641156 2
366263176216433233 -3
357325136731145642346 0
461525441267115562237 2
77133532421114167 2
731611614757154513 -2
5571761567315561564 -1
312151675225531314 -2
324477737176115657452256 0
6154365515377621322 3
41245317513571761 5
1117214366511432 -3
673217457367547676 0
5472325524434522 4
4311567766112712 3
36624441345616242 2
2531312514711144533 -3
6351166615313145174 0
441457774541547376357552 -2
5264751646554621322566 2
75523175664624771262 -2
722247452211776446266415 2
2216633462632646 3
662166212444136762231357153 0
355261736535261751236776 0
4115276666674442357 0
476174413221626645 4
277121675722165 -5
7335663577731721744 1
5631441265612732 2
1713116144144645667757 0
26641766265534444 -3
113231166715427 -2
1355163352674161727 -2
2633531236171421246762 -2
17577152251313237151 0
417411542347233662226166121 0
246322662725243733136777413 0
343753712715161 2
1771576512227265767 4
745662177271163721 4
46667352432133311 2
444577112456617344772 -2
432153155764416477 -3
4273144774455534552 0
512722534176111767763 1
6362274254117417 -1
53164751553252371224 4
76667233742737344 5
3716525375665135627 4
6172166732651611245 -2
2411136733625227412 0
52377671166361641637125 2
13422645137423347 5
776343122276353 -3
7635536621772722775 3
27545671157744135236617136 0
42151414662331537157 -2
52261153111166723762 1
711676662456471126537 -1
666374115215614274 2
66273275122273146741 2
31163551624513222277275 0
42227632275331345443 0
324122752163441757 -5
11654265762154674137531447 0
471271354755516 0
526743272162541 4
1744717756554444 -4
67627576662527627145541 0
7413524255354173311116543 -1
5273153636415176 5
16727451276166231 1
715457336553577 3
25737712622544362277573553 -1
1361651724367421521547651 2
757211365215231122315 3
1515734266634544345 2
71762637557423411 2
31332337521151113566572 -2
6732767751612525765 -2
233237242265727 -4
411313326375254354 2
347436735144364224356 -3
711136164557662212 0
1237564226672512453 2
11117417354237521 2
7572464647761234 2
241417226376332442577236 -2
77256223126266357566515 3
662511164773223 2
533656311116452566142 2
341455762242764165121627 -2
673442133113135 2
57732574252163564 0
475333665666227763155753 2
713577553554771253766 4
3472613133251235 -2
54223143276713113551561 0
7775276146337715665323364 1
47562166131471673 3
721512217411165572373 2
467336366311372 -4
271335613321673 -3
2713511627757652651525 -3
1633773537644374 5
6711724472766457255543351 1
236371427514555224 -4
467114457371234 -4
577337454353444 5
4331657566613372 4
235236171363222 7
2313417556332772517465172 1
1663415236436216773 -3
13373561775743643 4
46777727413544135465 -2
1622464712124623646423756 2
1444367766774641 -3
21347776574343715 2
76711367136326513777516 3
2177711674344425142 -3
433426621441163362 -4
267124547244247767176 -3
144277221142673363 -3
66541477577611574315 3
24621527764723641553255 -1
131352224351551721 2
54555232366322552664462 -2
3614626161524515315 0
31611637744667362222537 -2
642237556734511551757 2
346163317313122 -1
635647416711547 -4
762643164775111452 -1
1721325215643371 -2
6265115753225553 3
713412172673537535512367 2
7461273677241377 -3
54144644611717353 -2
56364567751566575672413 3
2433376776533551 3
3415671666674354577117 0
41621754661116125 5
55165774215764612241 4
173535161356514575166664377 0
744377463356117756 -1
7371125744343323413 -2
67627347446143712 -2
125677555745744164514 3
522454577315471 -3
551124613417645647 1
657152227517114661146 -2
326615147741615255253436476 0
3115511244726375 -4
25735562131277716211 -3
42572471377776235 -4
451665577132143212116667 2
116777167773212525624322 0
666734673166311 -5
732142626135267436661115 -2
756326443534427414 -2
757224124475211416365 2
44411746276774754365 3
547272374534515355334 0
56663356212476426351373 -1
642142332572464 -5
177265653733764263 -2
5451553552666337217 -3
4644474215254755 -3
4131377164476675 4
532464473562772321431 0
5323153526623456 1
26272345451315725 2
173751653566127 2
347422667645311 3
263212547536557773337 4
7257263164734436 4
737656317356215553226765 0
41616326326776745652 -2
23227622456176512 0
743715362456326377612 0
61774674357756173422 -4
61755114445627554172756661 -1
234564442365133224 0
332423673222641276414 4
226563373233217431527457255 0
52234167737547355454 -2
2142465453452554 0
2165455723771424716 -3
73347312221616516 -2
467777667712256654163 1
5536324271557612 0
6671772411532123775 -2
622131447544633632157215552 1
3115762663341726 2
12674135664216171761755 -2
512374121211222155644357 -2
562167252164563247 2
42214416731341344763136665 0
12717267231742766 -2
4376135554422332 0
11676735627322141276 2
4242752622626515711444 3
137442114755141 -1
211622376274543766435 3
74115331677711773 2
56615471663143366325132 2
7442663177213427231231715 0
217643612732435 -2
561174156227257533247652 1
456656157754556644736 -1
267673427647525177 3
5222734724361165253 2
4524155543552746622272 3
641335277532624 2
76437261735757267 0
422156744412715 2
7157777247462616 5
7214661765477537411 -2
13672456235365253217554 0
24257652771421327216135 1
43313216755776577 -5
565612372723422173312 3
73161353543137536 -2
76223661255313721667557 2
47137243632764143 2
631125535727764337 4
563573612367241233673 2
772174711361565452331 1
571145555621144 -2
537525166172223514 -5
221344124762347674 -3
3514754336362472 3
762637521117753 3
7421116777163416527253312 2
243736543127455372156325712 1
52432165674256417 -2
2362531727326311265321 2
745377224731667 6
213771242711141452224734735 1
5132457661265717124 -4
17232733313644147463566552 1
4343312376337467 -3
75162734765177417 1
2266647252476333274 -2
353544654732547721722363465 1
2773161144125142372134 3
73452246135621455164113 0
1552122531634114225562 -1
731547724553335532542312216 0
712563514115156434 -3
12215322173543546566365 2
765333451372111 1
45671726445266111326456 0
24163516634641651164 -1
424133221275422516146645514 0
13353371662532735221 3
114231112632155 -4
5536622414432311577 -1
552444324116145 3
2345137617175732711662755 1
45451264626637266 4
726614375343473634771 -1
512452736646216626444 -3
472175132123434261653574345 1
267677154174441324347 4
7527437262477412264 1
621745356556434654 1
2255511422273763 -2
613732354351544773 5
113751257136246653 -2
313514632217532 7
674122772662275 0
457265255264143 5
241462243544621333573 1
772444756351157772 -2
5715117127765516547 3
4167352243242647267254 2
1124775276534365427 4
51251227631532475 -2
661243265567455271 -2
2276777447334336274 0
243635221322314571 3
57155321613652141127 3
175256615616333575 -2
47721136216741724262143671 -1
76377573776651332245 -1
2214416332771655722441442 -1
7674333675275537633714 0
177147233362257734257 0
762154673336216475457 -1
1475377367324712547 4
4212456774631715744651146 2
174473416444571271675 -3
321312427115273452761216673 1
2367766661736411471132725 -1
752135522163464325 0
54333122146723366655256 2
45776367631114767 3
421135443163177 -4
15534512637252223 -4
2166655231122576 -3
71331112421173764733 0
6157375124536575 3
2762753126336412 -1
7422363612272344 -6
511321726776545 -2
731443643127377 -1
46224467422565762767 0
5273374233266664325536 -2
114562527156672431371734657 0
113113376763737 -3
151363611426324215315 3
54541241373327455123 1
731754444147655 -3
635777357367521645412612376 1
437634772622716434337656764 0
743151731353144666 -5
254544755657132122 4
76673331274513323254 1
3455347116357244215 -1
72165654651362265565 4
371317211565727 5
22517655713113113 0
236626233254776227 2
72347723255677763 0
21147777664332542145632317 0
165275124643357663 1
66512352355172347 -2
77341743275463775246223531 0
76456434743643372625557 3
35163237131155474632 0
4472236474424161261136371 1
6316451651136134646753335 1
3443457164733141171575 1
524726627734124625 2
323244724522644263 0
545367374324725645346 1
172174174442611713726734 -1
11622762247647647771 2
356555121131565 3
455635526257532463 -4
121246711441334617333 3
3325775377667432716535 2
37311461445363113 -1
461276277316175117 0
6475235461144172142 3
2414365637466113275 2
7326455422235771 5
4546334451352717453343 3
3671632655551457 0
63375677636621116751433 3
233222511323726534 -2
77617371251422425367 -2
62455475431754731466246 2
31256167751623124 3
1721765665524336 4
3362722133113614355574 0
267431676217331176234 4
5236375412547325251752 -3
2522735365353543574364 0
52251456257117556361474 -2
63134337746246176 3
5673414562455174522772 3
274554366461327625 5
63674537247467327553235546 0
62722645154714744551421 0
765653125533175463341 0
76364717574253613211 -2
734617377763312237 4
3516522343223217755332 -2
16522537612377511671536 3
134227351634324354426 0
263112352672132467 -1
215517145431337 6
117246134462472674735 -2
6314341725721472476 0
3674433174675475365 0
244424435557674537 -2
47125477434266346 0
5711321453551674444777 2
42333723621421751517 -1
57256314461351445717 -3
651471367766355 -2
152353724462372437 -5
4566154356545534627641 2
32237114353626211372514 2
521255564363612543313 0
363265554513133 7
42223173163723255 -1
31121316562355245 2
243367722362364243375576 0
732671132275424 -3
14452225317543231111567 -1
122625656633516 -2
12116671172275556127325725 0
72123616155247217114 1
1655774217723415336 4
71162347257713351 -2
21614513541236744 3
1716513233477175 0
674331713523725236226 -2
432123167135521375262266 -2
124311144142443 -4
16167644536222421 4
32346232275166531324 -2
346211214374535527 -4
6434611116677265 3
3637513333246612657 -3
64772731626315266122375526 1
5136775475455771466 2
4726744215426453473633 -1
626146644436222517526 2
4444731733262731574412 -2
174332151767411225 1
515724523511356336726 3
25713343671766367362765 -2
555337254461552 0
2447443344627652116 4
75711715311635674357 -2
62664436453446652551727335 -1
42163336633215215 2
6546716354725411335 -4
4756571277152622226 2
1666276771566111447 -2
5733231371343227426 2
755117345345255 1
7453371115311325 3
4225214351732267123 -4
647432614463264564726511 -2
4376623533775456 4
151255653767241255347 2
2546616216453146544 -2
61157662524746752112142 -1
4474155542732255126 5
45216146125152155562 3
476771667547642 0
1573334767167163372 1
757577436257576313 1
113532221777442161664 -1
2472541523124534414 5
67564752257143675 -4
757244334471534754 2
151236157571113753733727 -2
1472123661764156254544 -2
2352173717757554214234 0
4726225442157223644764 3
52766547135535615326 4
7463661627441246 4
6771216424472246 2
23424477234174341515 -1
174663217676331237326 4
3564442273572575557647 0
452631746661266275552722477 0
4116442521465343 4
217764774453567 4
37445676525645715132 3
6723225633751352743526 -2
1721143447624133577422 -1
367125172712714362122634316 0
3445741731326212235627 2
661342112754616477 2
4355755472353616 4
11172117664362765252572 -2
71152776351557651621 2
5665424747357471 2
3426655435617772271 1
6244222164433242764 1
713616646416753441752 1
222711235164655435 4
166351222342775115556225 -2
122314211356726 -1
4524376166261321325 3
177235444377213 -2
127126241724425 -2
7466723263435477362656 -2
17566174517615112 4
675341321426457 0
36426377711665214732717 1
432113466356616172365 -3
355711414552236 2
17333463166127134 -4
175156173267761 2
63227341124566354721143551 0
344122235612223634336 -1
3172532127364367645 0
234632431462232 6
1437667131734217577145 0
552354751535267772 4
61354337652523713672 -2
662662157472472653671 4
67462266253532316 0
331652276763516424267132111 1
2552375567144153424 -4
3553126722324761472311 -2
2274576637452151 2
3331666226241333761 -1
6577666122662131531371 -3
237372215612223517455735 0
6663152233464774324614 -1
54136131252345244 0
73477732717325614514 -2
556131744533652311546 1
2371352126122531 2
64427677454425716111 0
4336763477727467 3
6475452376275131726 0
4334461234415773741 -2
56454353436533522 -2
6146256172113456 -3
136626645476767211574 0
565627326652722123641 -2
4514425171341156451 -2
6753171447237131 3
5121645471767667 -4
21253333132732466614565 2
745242256454572 4
5564546724444273366 0
6625477334543176 0
12577544676251275 -4
333364412316634276 4
24411276374445214 -3
133726666644527327 3
1454455511615272 3
211127563454261241 3
36763155722321177165573 3
6461311366124224473212774 2
227737153315737725315 -2
27477711471442665 -1
733753545554421763272122 -2
33376363625634744 6
2421341542742747 0
37575776647454331673434566 -1
6655633722371653 -3
372224745447145 4
11315772413611742 0
777627122221557755 4
756561622233151231562347 -2
41761763312134657447222 -1
5174345561462536556 -1
571311165412642 7
7653363377511422 3
111263634627155133726375542 1
36241261264264276316524 -2
51345334666411161767 -3
755162543527535 -2
5364625316611736177 -4
3263232424611712475 2
676277567722171111551 0
7516315166511217362653336 2
75133572367326576131 2
27635547763773616332 -2
711643672143146254661726 -1
624521541617365236 -2
27424743156311252 -3
47712443214667227 -4
57575215142772521 3
4412656443165455177145 -3
254134343671533217366 2
76622733565517534 4
3425735551147221127645336 -1
23213377225563265 -2
3767341373753367262224 -3
336165263721475575 1
5226551134534626 -2
663555216576253652737 3
24237627427356613 -1
44731217444154113515366 -2
35413344757133763 5
561516167261116 5
7652225557716637342 -3
57124247567247663563117614 0
736161112731431236743 4
4176457445355365 -2
321254355723522 2
776564547426156646224741 2
533772466715155 -1
47452427775755111367111 1
3172514256357756777666 3
225453214732156 1
56433573365162545172363775 0
543166227353633611 -2
25376673364353537 -3
3261324615672364 -2
416615527374572242152144 2
3676226774234133 3
2766717743563535534433124 0
576226552367511212 0
7152546711275134377323761 2
53751326121122572 3
6223637436177753335564556 2
4132144173333216474614 3
231271467273325644223 -2
63753156544113276235633 -2
1732651741124327 -1
332126451112643722513156 0
7726363362772135552226117 2
71113555416334261 2
161312516235661174 3
4367372437732346624 3
55341224422614145115 -3
4615663223253367622 1
6576467157413721 -1
125753372776555 -4
46455445411436151 5
1576367777122325 -3
22145711431531236477 0
76244353466434126 -4
445431566312163322 -1
161556414677753712 0
171611144352763162 5
7711747122252767552 0
3142127327125671 2
771115555245152441123 0
46343656576217561561557 0
1572775116371754 2
731311222531537413326 2
433754324214557223425751366 0
773413115141771 5
766243754616646 2
75425333635742265 0
33213163344235267 0
315137257314555731757 2
12415 -2
12451 0
444 -1
4444 1
44444 -1
444444 1
4444443 -1
4444442 0
4444441 1